# Created by Octave 4.2.2, Wed Mar 11 16:55:27 2020 CST <gerber@gerber>
# name: scaling_8k
# type: matrix
# rows: 80
# columns: 2
 7.822647205306517 6.06254627901991
 3.150067714086875 1.733381841941219
 11.70808051300025 2.372720010703263
 3.648731516577942 4.004506675104824
 3.868899636160751 1.933436987017025
 4.851793249073377 2.214311045874181
 4.402515242790239 2.279783981382792
 6.996163251961493 3.736948823119373
 4.073060227478939 1.654016017320033
 2.598207856076898 2.164082109144517
 5.087578814227334 11.21768810543084
 3.536874687680439 1.368889366039041
 2.20672703595876 3.014450255062496
 3.604723250713509 7.902974500757036
 7.401495551867914 3.911052931860854
 3.386351085965741 3.718184065788877
 2.248192565652822 5.237195023510275
 4.034232671081614 4.207819777310895
 3.407356913261598 4.661024419473858
 4.663881982140448 8.494667362342485
 8.189075250119348 1.494809503579529
 9.113361331864096 4.485101161101782
 8.966209743546742 5.254627686782174
 19.83036466764959 2.428291117085037
 3.389896359741107 5.33999361267167
 6.263506966603585 2.177544936426949
 3.308750857519737 3.937265639885094
 2.849612919937056 2.555447458118248
 3.957862906923458 1.658103491837647
 4.281748400993511 2.488259122788741
 4.096063220826585 7.446088566913894
 8.638092386249435 3.848748443015357
 5.267452090752199 3.276079680617172
 2.313394093139665 1.349321838777256
 4.403379783188036 10.45189434801398
 2.787228279748978 5.560989177725359
 3.58846117636873 5.936195482353415
 5.317973941024644 5.782385173809979
 5.257372502925046 4.161905985131287
 5.976322370366009 2.100808266323817
 2.934294929186966 2.069727467454024
 15.08037710764789 5.173030291334244
 2.290270152691209 1.521555107476975
 4.765642715968484 1.779976960974744
 10.21678691701312 12.13362541746845
 3.989197330615114 3.989297714796543
 3.777819584491157 2.30912072359464
 6.47803993960335 2.421510009387557
 5.746508347505011 1.615729844823007
 4.029917265097201 1.76830942795946
 2.191817707481653 3.258660342536577
 4.502569117573038 3.62979412209778
 3.417349012105883 8.573581155213304
 2.221801897608883 3.835073084678573
 3.983259041781591 2.392392302914902
 17.87653778647369 4.111169812702552
 3.931935238695223 9.270892782508344
 4.521756473975734 2.42370933504509
 3.824349664468503 1.100384115399767
 5.900389884784133 4.368119421435302
 7.130752142153625 2.566769634087696
 3.418191501482597 3.784738002762431
 2.97395901262782 2.608406261769991
 3.027301442365257 2.881826239086257
 13.63178458292163 8.813637463325634
 3.630671906463372 15.56864550432193
 2.61793743947492 2.924887591749666
 3.068499259330028 14.38769662919033
 1.985338064432231 2.309034451778711
 4.195370482858086 2.493482902445532
 3.113309823063476 4.909872128288393
 6.930823470505802 2.059196390001182
 5.417391085740726 1.860468816610359
 14.35036991134994 6.152040273790949
 2.46528264077705 8.686765951586391
 2.002637354173308 2.273493937834752
 4.711731521119466 5.035313165839771
 8.511395834698831 1.65735425976077
 15.56416497236175 15.99524432985973
 3.783055338118199 2.208054099035258


# name: scaling16bit_8k
# type: matrix
# rows: 80
# columns: 1
 0.08869923212533787
 0.04440075692923069
 0.04352916212786125
 0.06330693123105921
 0.06702215302662602
 0.06649502348853926
 0.07303584792692168
 0.07204639289148862
 0.06125273386882341
 0.04307767453222615
 0.08049806547086373
 0.05140568953283905
 0.07173648427815606
 0.06695270792387262
 0.08057262677471708
 0.06915871654972551
 0.0691007004647876
 0.08934909213899321
 0.07509104700859633
 0.05869548263009547
 0.05214166170279515
 0.06709010105443354
 0.06004077613431267
 0.08428080714950299
 0.08035264997492211
 0.05488073436977761
 0.08263710086228139
 0.07591458751168723
 0.05569636576587878
 0.06692694551523598
 0.05155681534026294
 0.06623541294890611
 0.06724788422880951
 0.05073324293308345
 0.07321150423936186
 0.0613190119392548
 0.04622666968841595
 0.06549128118292899
 0.06828170172816019
 0.0642981591060727
 0.06032575758861792
 0.0817545040678094
 0.0590591676656719
 0.05605828586352006
 0.07454499095614163
 0.0636588280068285
 0.07672097541588342
 0.05060957517918396
 0.05587296529208953
 0.06537045788485203
 0.05915722221849163
 0.05984128729219242
 0.07171769503788715
 0.06726475836499676
 0.0613559478500308
 0.08470933909594162
 0.08439465449754115
 0.0620679241567701
 0.06781961183527677
 0.1119655931490745
 0.05777744117428221
 0.06969830803445877
 0.05506125573029079
 0.04287970163412161
 0.09409383924414164
 0.1043367340486909
 0.07155981826917047
 0.07691326007561251
 0.07218884879917768
 0.05842199835947447
 0.07795794158889495
 0.07753309262701612
 0.0606873588389579
 0.09351428173960992
 0.06870375263924169
 0.05823451554759457
 0.06786339964029779
 0.05249750466847481
 0.08754742798455706
 0.07014529638554597


